1216 1411111114141114 uu

4144414 4111414144. 4444444444 44441441 eumn 4. emaus. Cous. 4444. 411
virg. 4111. 444. 14114141.. 1. 4.

014144 1444114144] 14444 1..1..v1.6. oud. F. 1. 414. Quid 4414 444411

4444414144 4. 4444141414. 44441 8414. ud AEn. 14. 414. 0444411 superstitionis
affert 1441444 ιΜ441444 4444414 44114 4414444 1141441444 144111411411144 44·
144 1141141111, 444 441 4441414114411, 441 1141441414, quonium 4441141114 44-
114414 4141411144144411.’ Sed 1114 144444 11141144, 414144 sumta 4444.
ι Ab 1144414-441444144] Lego: 444144 0414144444, ΑΒ 11οΜ110 11111.
11111041414444444411111144, 4144414 Avovsuvu 044414141441114 411,
144441444114 14411114. 144144 444 41441414 temporibus 4441441444411
411411 41444411 41441111 0144144 41. 44.

1144. 11. Mu] 114141411414144 1441 1141411414, (1441111144 4. Plut. Qu.
11. 44. 444 441144 1441 ideo 4414114411, 4414 41 4114 0414414144 Augusti 1441114
444144 4141.

1414] 1444411114 4144 appeltam. 111411 41144, 441144, 441 444111144-

444 44441 Iduum 41144. 41441 1444 444414114. 0441. 04141. F. 1. 44. 41 444.
1144141841. ι.’14. Fut. 4. 144114 4414.
. 0444444444-] Nota 4141414 414414414144141111444414 instituta, 41411444
4411 ob 4411 11 441411 11411114 14111). 144. 114444 444444 quem 44 8. 0. 114·
4441144144144 4444441, 0111114444 4444444114 1444411 4444144144, 41444-
44144444414 11444. 1188111411. oud. F. 1. 444. 41414. 1144444414111444141
Augusti 44111114 441414 41111444 1114114,οΒ 0111118 4111114108, qun
1114444 11 1444411414414111 04144441 14411414 1144414141 111444 41441144, 41-
444114 04141. 14141. ιιι. ι, 41.

Au 41. 14. Vitium -·- 04144444] Quem 1114 1411144414 111411ι’ 41411, ‘ roligio-
uum' vocant 114. 41. 1. 41 014. 44 Au. ux. 4. Cous. Gell. 14. 4. euterun
14444414 4441414144441118 4411141144, 414444444414444114,4444 114ιί4144
4411441111 cenot. Ρ14. 14. 1.

114 4114. Faria 044444411-44414411] 1144 41111414 41441414 1411414, 41 fu·
14414 1141414114 41114, qun 414 Hercule 144441144, 4411414144. 0411. tumen
Serv. 44 virg. 4411. 144. Vox 44414411 pru 44414441 44441141 4111441441 444·
nunu 411444444144411, 44414414, 4414444414. 0411. 1441. 4. 44144444. 14411414
41441144 141. uon 4444. 441111444 4144 4414 4444 04144114114, 444111. 11144
4414111414 11414111 pout 4411114111 (11411

1441414414441 -4114-41444] 1444411111. CAESAR 1144414144 44141)-
PRIMVS 1140111414411114. 0444. 0414144 44141411 1484. 444 144·
14114144114144,111144411111411144444. tum 4444114144 1. 4. 44411141444, 1414 44
14141411 4444 Ausum. 4411 44 1141111 4411114 414 441 4441441444, 41 putetur
411114444 141 junctim meminisse, 141 4414 4411411 414 1114444 444144111, 444
quod 1444441 1441144 414144 441 0414414144 ub 114111114, 414 41111 4. 4. n. 4.
4441441141ιὶ4144444441141414111114411144. 0441. 1414 11111441 04444414.
de 1). N. 11. 11411 441411 4444 4. d. 4411. 041. Febr. Jum 44 1144 1441414444·
1114414144. ceterum 44 44, quod 041441 44 4114411111444414 Agrippum.
0444. 414144 441 44444444, 4444 44 04141414 144. huju· 4111 444114 441 41114-
14411 444144, 4444 Annum 41 Augustanos 44441141 0414411144 4. 11. 41 11.

04444414-41144444114444 coucoumun 1114441 4444 44414111

 

